200
404
422
397
324
536
973
197
349
648
995
540
103
42
679
967
552
740
499
599
39
97
660
504
423
210
169
328
967
766
621
298
231
680
409
260
20
29
770
535
447
576
453
732
218
837
290
889
437
470
779
811
979
486
571
28
455
842
232
263
387
784
624
487
994
37
970
776
116
146
451
599
811
180
382
900
451
333
899
442
61
249
94
22
659
943
524
858
779
191
635
449
282
972
880
69
160
258
179
134
182
609
284
718
836
718
254
553
735
172
610
774
811
515
662
223
910
956
870
122
221
217
182
87
945
226
41
890
280
768
952
669
488
251
564
11
350
428
262
137
611
131
57
592
970
630
786
912
945
397
37
27
819
230
730
923
944
107
609
908
626
895
923
304
938
769
204
984
729
62
618
81
895
131
245
384
666
107
17
376
963
897
730
812
757
79
882
97
489
70
204
975
231
173
575
891
168
18
472
531
137
